1994 1 12236
1994 2 381640
1994 3 53067
1994 4 7588
1994 5 1103929
1994 6 585
1994 7 869774
1994 8 307591
1994 9 5872
1994 10 1615256
1994 11 362970
1994 12 1433949
1994 13 33589
1994 14 103569
1994 15 1351872
1994 16 1768353
1994 17 166283
1994 18 828759
1994 19 661249
1994 20 1276532
1994 21 379705
1994 22 1182516
1994 23 199103
1994 24 36928
1994 25 640787
1994 26 2844128
1994 27 18335
1994 28 1088751
1994 29 707158
1994 30 327668
1994 31 337617
1994 32 41948
1994 33 586572
1994 34 73
1994 35 81845
1994 36 209831
1994 37 171975
1994 38 718404
1994 39 79432
1994 40 286984
1994 41 137437
1994 42 5308300
1994 43 506394
1994 44 108385
1994 45 286265
1994 46 392436
1994 47 200279
1994 48 263629
1994 49 851811
1994 50 629735
1995 1 12539
1995 2 421651
1995 3 53382
1995 4 8156
1995 5 1106797
1995 6 589
1995 7 1463413
1995 8 311258
1995 9 5879
1995 10 1618634
1995 11 365787
1995 12 1434204
1995 13 33966
1995 14 103635
1995 15 1367614
1995 16 1788828
1995 17 174188
1995 18 831867
1995 19 661860
1995 20 1256516
1995 21 379721
1995 22 1176988
1995 23 206236
1995 24 37052
1995 25 641442
1995 26 2848026
1995 27 18335
1995 28 1095839
1995 29 709624
1995 30 328761
1995 31 342944
1995 32 42047
1995 33 587671
1995 34 73
1995 35 80879
1995 36 210812
1995 37 172328
1995 38 718493
1995 39 80578
1995 40 322956
1995 41 140501
1995 42 5309307
1995 43 510567
1995 44 109400
1995 45 292962
1995 46 373411
1995 47 200631
1995 48 267225
1995 49 711334
1995 50 651928
1996 1 12894
1996 2 419705
1996 3 62594
1996 4 8137
1996 5 1143713
1996 6 586
1996 7 1476410
1996 8 380973
1996 9 5838
1996 10 1665326
1996 11 368860
1996 12 1467010
1996 13 34512
1996 14 111000
1996 15 1426658
1996 16 1864026
1996 17 174847
1996 18 884677
1996 19 669356
1996 20 1249525
1996 21 398701
1996 22 1215540
1996 23 206739
1996 24 37979
1996 25 668968
1996 26 2969415
1996 27 18335
1996 28 1121580
1996 29 732004
1996 30 342166
1996 31 370294
1996 32 43331
1996 33 615080
1996 34 73
1996 35 81696
1996 36 219264
1996 37 180585
1996 38 746021
1996 39 82454
1996 40 338510
1996 41 145385
1996 42 5454966
1996 43 518787
1996 44 110540
1996 45 293316
1996 46 402499
1996 47 244580
1996 48 268709
1996 49 758339
1996 50 680883
1997 1 13109
1997 2 423024
1997 3 63257
1997 4 8153
1997 5 1154549
1997 6 586
1997 7 1481469
1997 8 394531
1997 9 5834
1997 10 1735098
1997 11 374884
1997 12 1473711
1997 13 37521
1997 14 111112
1997 15 1442521
1997 16 1895080
1997 17 177913
1997 18 891183
1997 19 670609
1997 20 1240522
1997 21 439987
1997 22 1226106
1997 23 209065
1997 24 37817
1997 25 672529
1997 26 3105804
1997 27 18335
1997 28 1122938
1997 29 739801
1997 30 342191
1997 31 373674
1997 32 45666
1997 33 615720
1997 34 73
1997 35 81749
1997 36 222258
1997 37 184214
1997 38 755131
1997 39 83234
1997 40 312790
1997 41 146713
1997 42 5663918
1997 43 522043
1997 44 111740
1997 45 292720
1997 46 403417
1997 47 250578
1997 48 269013
1997 49 770000
1997 50 693446
1998 1 13225
1998 2 430601
1998 3 63602
1998 4 12536
1998 5 1194142
1998 6 586
1998 7 1518042
1998 8 404677
1998 9 5842
1998 10 1784568
1998 11 476445
1998 12 1498217
1998 13 37547
1998 14 112331
1998 15 1472804
1998 16 1961958
1998 17 208093
1998 18 905383
1998 19 673726
1998 20 1205227
1998 21 451986
1998 22 1294172
1998 23 249100
1998 24 38484
1998 25 682713
1998 26 3196899
1998 27 18335
1998 28 1141829
1998 29 766646
1998 30 343714
1998 31 382231
1998 32 46685
1998 33 619458
1998 34 73
1998 35 82935
1998 36 207808
1998 37 187723
1998 38 777609
1998 39 84573
1998 40 340909
1998 41 147735
1998 42 5760904
1998 43 525281
1998 44 114416
1998 45 278223
1998 46 416419
1998 47 257483
1998 48 269601
1998 49 804828
1998 50 709458
1999 1 13447
1999 2 435104
1999 3 63941
1999 4 12610
1999 5 1202164
1999 6 586
1999 7 1536449
1999 8 410332
1999 9 5846
1999 10 1847845
1999 11 383552
1999 12 1529643
1999 13 38264
1999 14 113005
1999 15 1538081
1999 16 1971818
1999 17 213304
1999 18 908708
1999 19 682549
1999 20 1198656
1999 21 457264
1999 22 1335516
1999 23 249790
1999 24 38860
1999 25 683215
1999 26 3212195
1999 27 18359
1999 28 1111148
1999 29 767249
1999 30 343728
1999 31 386729
1999 32 47278
1999 33 629162
1999 34 73
1999 35 103587
1999 36 210094
1999 37 197086
1999 38 795465
1999 39 89624
1999 40 342065
1999 41 150767
1999 42 5876940
1999 43 527741
1999 44 114767
1999 45 278223
1999 46 416807
1999 47 268825
1999 48 270316
1999 49 816696
1999 50 729952
2000 1 14057
2000 2 445406
2000 3 65434
2000 4 16951
2000 5 1218655
2000 6 586
2000 7 1583920
2000 8 434213
2000 9 5568
2000 10 1897132
2000 11 385863
2000 12 1527510
2000 13 37742
2000 14 112221
2000 15 1578547
2000 16 2089551
2000 17 211764
2000 18 912220
2000 19 713896
2000 20 1228144
2000 21 467055
2000 22 1391337
2000 23 251240
2000 24 38971
2000 25 741890
2000 26 3219880
2000 27 19632
2000 28 1141933
2000 29 666343
2000 30 343347
2000 31 390600
2000 32 46112
2000 33 653025
2000 34 73
2000 35 102387
2000 36 221485
2000 37 203121
2000 38 808253
2000 39 91761
2000 40 343352
2000 41 148276
2000 42 6110166
2000 43 533788
2000 44 119009
2000 45 274417
2000 46 414929
2000 47 284374
2000 48 271295
2000 49 882493
2000 50 741673
2001 1 14060
2001 2 452363
2001 3 66466
2001 4 16950
2001 5 1228162
2001 6 585
2001 7 1585359
2001 8 442160
2001 9 5567
2001 10 1957926
2001 11 388003
2001 12 1531408
2001 13 37736
2001 14 112787
2001 15 1586912
2001 16 2094228
2001 17 211999
2001 18 930748
2001 19 719346
2001 20 1313881
2001 21 475308
2001 22 1398735
2001 23 251544
2001 24 39752
2001 25 748397
2001 26 3291951
2001 27 19632
2001 28 1147553
2001 29 670753
2001 30 343699
2001 31 409603
2001 32 46373
2001 33 654985
2001 34 73
2001 35 102388
2001 36 223429
2001 37 211369
2001 38 836297
2001 39 93072
2001 40 348717
2001 41 151656
2001 42 6153461
2001 43 535868
2001 44 120348
2001 45 280829
2001 46 416413
2001 47 284727
2001 48 271344
2001 49 913871
2001 50 762211
2002 1 14396
2002 2 535139
2002 3 68191
2002 4 18774
2002 5 1259189
2002 6 72867
2002 7 1690732
2002 8 469785
2002 9 5675
2002 10 2021698
2002 11 390637
2002 12 1539083
2002 13 39369
2002 14 121085
2002 15 1643563
2002 16 2133372
2002 17 217009
2002 18 959654
2002 19 766429
2002 20 1312599
2002 21 494569
2002 22 1449765
2002 23 251706
2002 24 39841
2002 25 757243
2002 26 3320346
2002 27 19993
2002 28 1188978
2002 29 677578
2002 30 344416
2002 31 415958
2002 32 46373
2002 33 667359
2002 34 73
2002 35 107969
2002 36 228943
2002 37 219231
2002 38 852883
2002 39 99256
2002 40 186592
2002 41 154854
2002 42 6277748
2002 43 537375
2002 44 145382
2002 45 280707
2002 46 436694
2002 47 291127
2002 48 272194
2002 49 940535
2002 50 795570
2003 1 14444
2003 2 551590
2003 3 70301
2003 4 18805
2003 5 1280983
2003 6 76564
2003 7 1694299
2003 8 480009
2003 9 5794
2003 10 2079494
2003 11 393886
2003 12 1550629
2003 13 39422
2003 14 120992
2003 15 1687641
2003 16 2166242
2003 17 217148
2003 18 975055
2003 19 798773
2003 20 1324613
2003 21 513002
2003 22 1486864
2003 23 253660
2003 24 39858
2003 25 758230
2003 26 3326880
2003 27 19993
2003 28 1208173
2003 29 677797
2003 30 344606
2003 31 422374
2003 32 46648
2003 33 668254
2003 34 73
2003 35 108145
2003 36 229009
2003 37 219835
2003 38 854583
2003 39 100879
2003 40 191595
2003 41 161086
2003 42 6467218
2003 43 538762
2003 44 146503
2003 45 279955
2003 46 451410
2003 47 291379
2003 48 329266
2003 49 987171
2003 50 863464
2004 1 14700
2004 2 549819
2004 3 72687
2004 4 18298
2004 5 1290102
2004 6 90178
2004 7 1651270
2004 8 492231
2004 9 5315
2004 10 2118757
2004 11 390574
2004 12 1540528
2004 13 38253
2004 14 123798
2004 15 1699288
2004 16 2149136
2004 17 226047
2004 18 972373
2004 19 827146
2004 20 1326818
2004 21 520568
2004 22 1517805
2004 23 255248
2004 24 39774
2004 25 763222
2004 26 3353827
2004 27 19809
2004 28 1207021
2004 29 671288
2004 30 337924
2004 31 425560
2004 32 48199
2004 33 670803
2004 34 73
2004 35 109961
2004 36 229069
2004 37 223400
2004 38 857990
2004 39 100188
2004 40 186700
2004 41 158577
2004 42 6508926
2004 43 541113
2004 44 144673
2004 45 278212
2004 46 451241
2004 47 302825
2004 48 328777
2004 49 995845
2004 50 898543
2005 1 14845
2005 2 553388
2005 3 70551
2005 4 18297
2005 5 1280641
2005 6 89964
2005 7 1656759
2005 8 509452
2005 9 5314
2005 10 2179826
2005 11 467619
2005 12 1560463
2005 13 38286
2005 14 124074
2005 15 1680502
2005 16 2173528
2005 17 227645
2005 18 983096
2005 19 858483
2005 20 1321743
2005 21 523899
2005 22 1531816
2005 23 317847
2005 24 40103
2005 25 770628
2005 26 3434714
2005 27 19818
2005 28 1225855
2005 29 671640
2005 30 341956
2005 31 430751
2005 32 49323
2005 33 671334
2005 34 73
2005 35 109993
2005 36 226087
2005 37 231793
2005 38 859688
2005 39 100258
2005 40 187431
2005 41 160857
2005 42 6721510
2005 43 543997
2005 44 144672
2005 45 279317
2005 46 447422
2005 47 302764
2005 48 330082
2005 49 1055038
2005 50 903091
2006 1 14924
2006 2 545217
2006 3 64537
2006 4 19001
2006 5 1275191
2006 6 131769
2006 7 1626971
2006 8 510458
2006 9 5314
2006 10 2193734
2006 11 471910
2006 12 1558401
2006 13 38286
2006 14 127079
2006 15 1674416
2006 16 2205511
2006 17 205833
2006 18 1013402
2006 19 858518
2006 20 1310372
2006 21 532092
2006 22 1531455
2006 23 317826
2006 24 39801
2006 25 765931
2006 26 3488317
2006 27 19676
2006 28 1076572
2006 29 728409
2006 30 345709
2006 31 437524
2006 32 50504
2006 33 675917
2006 34 73
2006 35 109946
2006 36 223330
2006 37 229713
2006 38 894715
2006 39 115087
2006 40 189099
2006 41 161119
2006 42 6804108
2006 43 547059
2006 44 144662
2006 45 278194
2006 46 386469
2006 47 304188
2006 48 328539
2006 49 1058653
2006 50 858624
2007 1 15061
2007 2 566125
2007 3 64774
2007 4 19417
2007 5 1283345
2007 6 206990
2007 7 1629232
2007 8 517289
2007 9 5314
2007 10 2195484
2007 11 489515
2007 12 1561289
2007 13 38299
2007 14 127145
2007 15 1689817
2007 16 2208604
2007 17 205833
2007 18 1027388
2007 19 875713
2007 20 1350304
2007 21 575558
2007 22 1549939
2007 23 318139
2007 24 39801
2007 25 766113
2007 26 3492731
2007 27 19676
2007 28 1074838
2007 29 706992
2007 30 346068
2007 31 444024
2007 32 50504
2007 33 696275
2007 34 73
2007 35 110033
2007 36 226045
2007 37 229713
2007 38 897125
2007 39 115216
2007 40 191116
2007 41 161861
2007 42 6975013
2007 43 547572
2007 44 145363
2007 45 278274
2007 46 388566
2007 47 306509
2007 48 327941
2007 49 1076055
2007 50 876527
2008 1 15124
2008 2 569999
2008 3 64848
2008 4 19668
2008 5 1304648
2008 6 208659
2008 7 1799126
2008 8 533925
2008 9 5314
2008 10 2335713
2008 11 508756
2008 12 1650542
2008 13 38353
2008 14 127171
2008 15 1750140
2008 16 2248834
2008 17 207544
2008 18 1043969
2008 19 899749
2008 20 1496194
2008 21 595414
2008 22 1586870
2008 23 321005
2008 24 41306
2008 25 780493
2008 26 3577041
2008 27 19675
2008 28 1083719
2008 29 720340
2008 30 348122
2008 31 455559
2008 32 50971
2008 33 703034
2008 34 73
2008 35 110318
2008 36 226442
2008 37 248005
2008 38 938476
2008 39 116672
2008 40 201229
2008 41 170656
2008 42 7135686
2008 43 554249
2008 44 147349
2008 45 279169
2008 46 397468
2008 47 312792
2008 48 335828
2008 49 1128949
2008 50 912244
2009 1 15345
2009 2 563761
2009 3 68534
2009 4 19738
2009 5 1330556
2009 6 209887
2009 7 1801575
2009 8 538353
2009 9 5314
2009 10 2404029
2009 11 517114
2009 12 1663581
2009 13 38379
2009 14 127196
2009 15 1768063
2009 16 2299541
2009 17 207838
2009 18 1055150
2009 19 931681
2009 20 1510037
2009 21 630054
2009 22 1613901
2009 23 322644
2009 24 42259
2009 25 781075
2009 26 3627102
2009 27 19677
2009 28 1102775
2009 29 726108
2009 30 349380
2009 31 463212
2009 32 51392
2009 33 716992
2009 34 73
2009 35 110856
2009 36 230236
2009 37 253635
2009 38 942032
2009 39 117019
2009 40 201872
2009 41 175025
2009 42 7326638
2009 43 567287
2009 44 146515
2009 45 280426
2009 46 399057
2009 47 315394
2009 48 335971
2009 49 1135710
2009 50 911684
2010 1 15374
2010 2 577995
2010 3 70170
2010 4 19706
2010 5 1352849
2010 6 218710
2010 7 1850660
2010 8 544117
2010 9 5314
2010 10 2467242
2010 11 525147
2010 12 1894389
2010 13 38355
2010 14 144499
2010 15 1936105
2010 16 2305852
2010 17 213224
2010 18 1063972
2010 19 935694
2010 20 1509393
2010 21 677631
2010 22 1640420
2010 23 323249
2010 24 42532
2010 25 823496
2010 26 3726150
2010 27 19645
2010 28 1112725
2010 29 737988
2010 30 348732
2010 31 481920
2010 32 52259
2010 33 710109
2010 34 73
2010 35 111449
2010 36 231907
2010 37 255570
2010 38 978631
2010 39 118175
2010 40 205057
2010 41 121452
2010 42 7697404
2010 43 567076
2010 44 148176
2010 45 280293
2010 46 421880
2010 47 332816
2010 48 336273
2010 49 1139135
2010 50 944656
2010 51 104284
2011 1 15530
2011 2 584596
2011 3 69549
2011 4 19721
2011 5 1360290
2011 6 219887
2011 7 1840207
2011 8 546475
2011 9 5314
2011 10 2520124
2011 11 532053
2011 12 1845219
2011 13 38390
2011 14 145003
2011 15 1951923
2011 16 2310039
2011 17 213296
2011 18 1067321
2011 19 993034
2011 20 1512612
2011 21 678474
2011 22 1647763
2011 23 324234
2011 24 43216
2011 25 822795
2011 26 3734248
2011 27 19645
2011 28 1123645
2011 29 742345
2011 30 349056
2011 31 487652
2011 32 52978
2011 33 711200
2011 34 73
2011 35 151156
2011 36 232700
2011 37 266833
2011 38 984866
2011 39 118221
2011 40 205125
2011 41 122722
2011 42 7704635
2011 43 569345
2011 44 150151
2011 45 280326
2011 46 421957
2011 47 337800
2011 48 336325
2011 49 1153858
2011 50 952097
2011 51 105512
