1925 1 1557
1925 2 19201
1925 3 5683
1925 4 1056
1925 5 72835
1925 6 2928
1925 7 42735
1925 8 63690
1925 9 2887
1925 10 92991
1925 11 18812
1925 12 90498
1925 13 12246
1925 14 14462
1925 15 46306
1925 16 83827
1925 17 10570
1925 18 85541
1925 19 112015
1925 20 14529
1925 21 25118
1925 22 29125
1925 23 6700
1925 24 23261
1925 25 44348
1925 26 177130
1925 27 13356
1925 28 116214
1925 29 4796
1925 30 28317
1925 31 76032
1925 32 17897
1925 33 70443
1925 34 84791
1925 35 12352
1925 36 11235
1925 37 7565
1925 38 59992
1925 39 69294
1925 40 30506
1925 41 3018
1925 42 16559
1925 43 122956
1925 44 29136
1925 45 20987
1925 46 130732
1925 47 10705
1925 48 132161
1925 49 52788
1925 50 21766
1925 51 0
1934 1 4443
1934 2 26193
1934 3 6682
1934 4 1242
1934 5 100197
1934 6 3065
1934 7 86636
1934 8 74208
1934 9 2634
1934 10 123773
1934 11 43052
1934 12 193470
1934 13 8582
1934 14 19187
1934 15 107733
1934 16 173009
1934 17 10939
1934 18 106113
1934 19 153081
1934 20 13978
1934 21 31880
1934 22 38813
1934 23 9018
1934 24 24563
1934 25 54859
1934 26 245673
1934 27 8845
1934 28 140866
1934 29 12988
1934 30 33775
1934 31 104506
1934 32 21894
1934 33 91879
1934 34 110862
1934 35 15880
1934 36 13858
1934 37 8723
1934 38 125315
1934 39 83981
1934 40 50498
1934 41 6349
1934 42 18670
1934 43 151651
1934 44 30932
1934 45 30557
1934 46 141675
1934 47 31665
1934 48 155457
1934 49 65156
1934 50 22657
1934 51 0
1940 1 5873
1940 2 30161
1940 3 7108
1940 4 2384
1940 5 164881
1940 6 3473
1940 7 189001
1940 8 93409
1940 9 2622
1940 10 149300
1940 11 112126
1940 12 245629
1940 13 9091
1940 14 30777
1940 15 236551
1940 16 272471
1940 17 12164
1940 18 142015
1940 19 160609
1940 20 20986
1940 21 46516
1940 22 64900
1940 23 13374
1940 24 24787
1940 25 72301
1940 26 399766
1940 27 10989
1940 28 256904
1940 29 29584
1940 30 34636
1940 31 123365
1940 32 24789
1940 33 118757
1940 34 148633
1940 35 17172
1940 36 22589
1940 37 11046
1940 38 140019
1940 39 91854
1940 40 68520
1940 41 20055
1940 42 73107
1940 43 170591
1940 44 40986
1940 45 66386
1940 46 214667
1940 47 36080
1940 48 200071
1940 49 137202
1940 50 98388
1940 51 0
1946 1 6395
1946 2 43159
1946 3 8140
1946 4 2444
1946 5 241938
1946 6 3539
1946 7 228661
1946 8 103922
1946 9 2744
1946 10 187164
1946 11 169904
1946 12 269571
1946 13 9518
1946 14 44602
1946 15 271509
1946 16 304826
1946 17 20738
1946 18 191440
1946 19 168395
1946 20 22946
1946 21 50578
1946 22 131973
1946 23 23061
1946 24 26694
1946 25 81397
1946 26 583887
1946 27 11128
1946 28 346975
1946 29 70438
1946 30 43778
1946 31 146785
1946 32 24897
1946 33 130315
1946 34 193490
1946 35 70424
1946 36 30284
1946 37 32051
1946 38 203647
1946 39 109996
1946 40 82764
1946 41 73923
1946 42 135277
1946 43 183466
1946 44 45651
1946 45 82381
1946 46 238162
1946 47 45090
1946 48 205344
1946 49 160421
1946 50 356796
1946 51 0
1952 1 6334
1952 2 44447
1952 3 13410
1952 4 4559
1952 5 406978
1952 6 3778
1952 7 278889
1952 8 96170
1952 9 3098
1952 10 226373
1952 11 187417
1952 12 339530
1952 13 17720
1952 14 72726
1952 15 356004
1952 16 375388
1952 17 24749
1952 18 276958
1952 19 189214
1952 20 39237
1952 21 55105
1952 22 242001
1952 23 44266
1952 24 29158
1952 25 118027
1952 26 889740
1952 27 10680
1952 28 387692
1952 29 120553
1952 30 67291
1952 31 172656
1952 32 30742
1952 33 181162
1952 34 257666
1952 35 76094
1952 36 57573
1952 37 46207
1952 38 243391
1952 39 130982
1952 40 133165
1952 41 89358
1952 42 250051
1952 43 212178
1952 44 59026
1952 45 90514
1952 46 304411
1952 47 49192
1952 48 244494
1952 49 223272
1952 50 490947
1952 51 0
1958 1 6437
1958 2 63571
1958 3 21528
1958 4 4699
1958 5 470627
1958 6 4613
1958 7 353415
1958 8 119006
1958 9 3316
1958 10 799248
1958 11 196336
1958 12 442422
1958 13 21883
1958 14 84724
1958 15 410181
1958 16 442660
1958 17 32525
1958 18 290896
1958 19 214390
1958 20 80602
1958 21 78021
1958 22 286793
1958 23 26439
1958 24 34499
1958 25 163768
1958 26 644275
1958 27 10544
1958 28 422020
1958 29 209020
1958 30 91299
1958 31 199866
1958 32 30217
1958 33 224477
1958 34 74
1958 35 84517
1958 36 107735
1958 37 55384
1958 38 94300
1958 39 174653
1958 40 156901
1958 41 98448
1958 42 449083
1958 43 254400
1958 44 63332
1958 45 101511
1958 46 369234
1958 47 55508
1958 48 299735
1958 49 238298
1958 50 490241
1958 51 0
1964 1 6557
1964 2 78780
1964 3 28538
1964 4 5958
1964 5 558849
1964 6 4793
1964 7 412185
1964 8 122607
1964 9 3328
1964 10 851751
1964 11 195231
1964 12 493729
1964 13 24251
1964 14 89310
1964 15 388981
1964 16 537570
1964 17 33070
1964 18 315474
1964 19 372390
1964 20 125953
1964 21 111010
1964 22 359742
1964 23 34090
1964 24 38483
1964 25 185991
1964 26 877872
1964 27 10684
1964 28 472335
1964 29 109412
1964 30 103022
1964 31 201286
1964 32 32265
1964 33 260609
1964 34 70
1964 35 41492
1964 36 120130
1964 37 50713
1964 38 132559
1964 39 138136
1964 40 151004
1964 41 45495
1964 42 687739
1964 43 289633
1964 44 68265
1964 45 111813
1964 46 396756
1964 47 72281
1964 48 169058
1964 49 234357
1964 50 483623
1964 51 0
1970 1 7160
1970 2 132523
1970 3 33501
1970 4 6826
1970 5 506720
1970 6 5179
1970 7 527389
1970 8 132005
1970 9 4367
1970 10 902926
1970 11 205549
1970 12 671949
1970 13 24659
1970 14 104883
1970 15 524676
1970 16 691823
1970 17 30137
1970 18 428336
1970 19 590329
1970 20 323513
1970 21 185743
1970 22 462478
1970 23 75238
1970 24 37605
1970 25 227369
1970 26 1150775
1970 27 13661
1970 28 611984
1970 29 161416
1970 30 158304
1970 31 255571
1970 32 36580
1970 33 325033
1970 34 70
1970 35 48472
1970 36 123144
1970 37 74312
1970 38 187755
1970 39 46482
1970 40 201062
1970 41 51822
1970 42 1315497
1970 43 361805
1970 44 61458
1970 45 160606
1970 46 444241
1970 47 90205
1970 48 177980
1970 49 306003
1970 50 505675
1970 51 0
1976 1 8065
1976 2 244097
1976 3 36576
1976 4 6810
1976 5 596580
1976 6 3526
1976 7 661202
1976 8 135000
1976 9 4511
1976 10 950417
1976 11 459160
1976 12 686502
1976 13 29689
1976 14 93432
1976 15 794426
1976 16 923005
1976 17 74089
1976 18 509948
1976 19 558967
1976 20 585960
1976 21 238554
1976 22 606152
1976 23 102552
1976 24 33380
1976 25 290871
1976 26 1480974
1976 27 17873
1976 28 760882
1976 29 311967
1976 30 186514
1976 31 328364
1976 32 39646
1976 33 408222
1976 34 79
1976 35 49769
1976 36 129990
1976 37 88819
1976 38 305503
1976 39 59459
1976 40 261388
1976 41 64858
1976 42 2143626
1976 43 401716
1976 44 74611
1976 45 257725
1976 46 470680
1976 47 101890
1976 48 209548
1976 49 391798
1976 50 545514
1976 51 0
1982 1 8528
1982 2 329059
1982 3 48994
1982 4 7046
1982 5 819919
1982 6 632
1982 7 937914
1982 8 169416
1982 9 4518
1982 10 926660
1982 11 564712
1982 12 916062
1982 13 63731
1982 14 191828
1982 15 2169378
1982 16 1292859
1982 17 132788
1982 18 576256
1982 19 366912
1982 20 683705
1982 21 255213
1982 22 800479
1982 23 136319
1982 24 35124
1982 25 352527
1982 26 1984598
1982 27 17840
1982 28 891456
1982 29 418277
1982 30 312387
1982 31 226593
1982 32 40559
1982 33 452821
1982 34 70
1982 35 52937
1982 36 157674
1982 37 115474
1982 38 427639
1982 39 60940
1982 40 271436
1982 41 73783
1982 42 3026637
1982 43 492345
1982 44 83484
1982 45 354624
1982 46 466754
1982 47 120387
1982 48 202996
1982 49 651380
1982 50 555912
1982 51 0
1988 1 11191
1988 2 345582
1988 3 51372
1988 4 8073
1988 5 1003775
1988 6 616
1988 7 1172803
1988 8 233743
1988 9 4934
1988 10 1249727
1988 11 346786
1988 12 1119035
1988 13 32514
1988 14 99110
1988 15 1278731
1988 16 1542716
1988 17 151195
1988 18 739084
1988 19 524294
1988 20 893515
1988 21 329127
1988 22 1020311
1988 23 158404
1988 24 33493
1988 25 518617
1988 26 2752309
1988 27 19281
1988 28 993632
1988 29 557445
1988 30 327147
1988 31 274069
1988 32 38795
1988 33 561083
1988 34 71
1988 35 73098
1988 36 206062
1988 37 151647
1988 38 594025
1988 39 70665
1988 40 311678
1988 41 106534
1988 42 4050010
1988 43 502263
1988 44 100405
1988 45 392320
1988 46 391066
1988 47 148947
1988 48 266587
1988 49 761896
1988 50 625469
1988 51 0
1994 1 12910
1994 2 399719
1994 3 55165
1994 4 8048
1994 5 1157435
1994 6 626
1994 7 1536060
1994 8 321597
1994 9 6170
1994 10 1698335
1994 11 396565
1994 12 1507010
1994 13 35130
1994 14 108896
1994 15 1418067
1994 16 1855650
1994 17 173326
1994 18 867883
1994 19 693274
1994 20 1325279
1994 21 398567
1994 22 1246141
1994 23 208385
1994 24 38964
1994 25 671782
1994 26 2979012
1994 27 19282
1994 28 1145683
1994 29 743287
1994 30 344338
1994 31 356275
1994 32 44365
1994 33 616889
1994 34 79
1994 35 85364
1994 36 222634
1994 37 181608
1994 38 757555
1994 39 83986
1994 40 333778
1994 41 144902
1994 42 5601150
1994 43 530660
1994 44 114678
1994 45 299584
1994 46 412481
1994 47 212083
1994 48 275932
1994 49 900149
1994 50 661712
1994 51 0
2000 1 14695
2000 2 465583
2000 3 67938
2000 4 17901
2000 5 1272477
2000 6 602
2000 7 1655081
2000 8 451488
2000 9 5842
2000 10 1982202
2000 11 426874
2000 12 1595686
2000 13 39109
2000 14 116878
2000 15 1655263
2000 16 2184744
2000 17 221094
2000 18 950088
2000 19 744677
2000 20 1282676
2000 21 487775
2000 22 1456932
2000 23 261633
2000 24 40711
2000 25 774256
2000 26 3351006
2000 27 20388
2000 28 1200493
2000 29 695389
2000 30 359833
2000 31 409726
2000 32 48470
2000 33 684108
2000 34 73
2000 35 106233
2000 36 239483
2000 37 212850
2000 38 841586
2000 39 96536
2000 40 359514
2000 41 154742
2000 42 6404526
2000 43 556231
2000 44 124690
2000 45 285080
2000 46 434287
2000 47 299637
2000 48 281709
2000 49 926095
2000 50 774173
2000 51 0
2006 1 15644
2006 2 568108
2006 3 67024
2006 4 20033
2006 5 1332329
2006 6 138890
2006 7 1696689
2006 8 530302
2006 9 5613
2006 10 2291180
2006 11 534795
2006 12 1625688
2006 13 39745
2006 14 132407
2006 15 1752121
2006 16 2301330
2006 17 214616
2006 18 1055653
2006 19 894101
2006 20 1365442
2006 21 554747
2006 22 1601731
2006 23 331100
2006 24 41467
2006 25 798453
2006 26 3623618
2006 27 20407
2006 28 1126588
2006 29 758095
2006 30 361194
2006 31 458949
2006 32 52977
2006 33 705904
2006 34 74
2006 35 114038
2006 36 241542
2006 37 240063
2006 38 930125
2006 39 120772
2006 40 201166
2006 41 167760
2006 42 7125915
2006 43 569915
2006 44 152016
2006 45 288626
2006 46 406616
2006 47 319623
2006 48 341348
2006 49 1112223
2006 50 896406
2006 51 0
